7 178
9 224
10 277
16 121
12 141
5 68
3 60
6 107
20 476
5 125
28 347
20 514
7 81
14 211
4 100
6 116
35 361
33 548
12 183
35 318
9 352
30 367
8 158
8 132
3 71
15 212
16 236
23 385
7 116
12 199
10 115
14 272
6 99
3 34
5 42
39 600
7 75
28 523
10 266
30 652
7 59
11 181
19 373
15 455
34 523
31 493
11 229
7 82
5 162
16 402
6 130
25 272
19 471
12 410
13 148
5 96
4 80
21 570
5 118
5 158
10 190
58 831
68 479
60 607
12 142
8 131
100 793
5 128
5 130
4 68
9 224
7 178
10 277
16 121
12 141
5 68
20 476
3 60
6 107
5 125
28 347
20 514
7 81
4 100
14 211
6 116
35 361
33 548
35 318
12 183
9 352
8 158
30 367
8 132
15 212
3 71
16 236
7 116
23 385
12 199
10 115
14 272
6 99
3 34
5 42
7 75
39 600
28 523
10 266
30 652
11 181
7 59
19 373
15 455
34 523
11 229
31 493
7 82
5 162
6 130
16 402
25 272
19 471
21 570
12 410
5 96
4 80
5 118
13 148
5 158
10 190
68 479
58 831
60 607
12 142
8 131
100 793
5 128
5 130
110 344
4 68
26 440
8 150
14 332
17 184
12 131
42 709
11 356
21 496
15 502
18 148
7 159
8 165
9 225
9 214
8 214
40 475
8 112
7 220
5 184
19 502
15 480
9 179
14 295
74 1732
8 272
14 263
3 56
23 355
7 90
12 247
7 132
15 184
13 376
15 184
18 453
8 186
37 684
24 358
18 444
9 232
6 148
11 268
8 155
10 259
12 379
15 221
15 356
20 286
23 908
5 83
18 359
8 110
9 170
6 86
5 49
7 70
5 67
9 146
7 95
9 118
3 59
6 88
9 128
11 134
4 84
5 153
11 120
5 71
16 307
33 635
15 236
13 254
112 1038
58 193
295 3023
11 143
18 177
41 264
11 117
8 155
6 60
13 165
11 96
13 220
11 160
10 175
42 358
7 116
5 96
32 289
2 29
5 65
8 119
8 169
4 51
7 97
4 62
8 81
8 114
6 97
16 190
15 204
4 65
7 130
21 309
13 170
12 265
13 328
10 52
7 119
39 324
3 90
4 73
17 279
7 132
5 69
22 276
7 73
4 75
6 119
5 141
4 77
9 91
6 76
3 66
16 247
13 68
6 98
7 67
30 464
17 264
30 319
8 92
6 80
5 90
7 115
9 118
5 88
3 62
2 72
5 152
9 119
2 47
9 98
20 146
10 174
5 63
11 196
6 79
19 223
4 91
14 179
42 261
49 1058
17 169
14 124
43 467
50 336
10 87
10 163
7 106
18 130
11 129
8 110
6 37
7 117
27 222
8 96
68 363
34 359
39 366
8 129
10 232
18 244
7 54
8 168
4 83
8 89
11 117
12 119
16 124
7 86
9 70
7 86
5 100
9 115
52 767
11 100
5 72
6 92
7 100
8 64
7 102
2 62
6 77
7 63
8 60
5 86
7 68
8 76
14 142
4 87
3 41
4 65
24 238
15 198
10 123
5 85
2 53
3 75
5 118
3 81
6 65
2 47
25 314
6 82
4 54
6 83
4 52
4 59
5 70
5 85
6 76
3 60
2 51
7 87
4 88
3 62
10 151
11 171
20 254
5 90
5 99
8 108
22 338
5 78
5 53
7 103
20 279
52 837
30 357
24 530
8 224
23 182
18 346
5 147
11 180
8 153
10 137
3 51
8 100
34 491
17 241
12 103
2 40
22 214
11 103
17 231
5 52
10 120
10 179
11 114
5 116
2 38
6 72
4 32
6 78
7 168
2 44
7 145
29 285
12 344
6 93
43 502
45 267
13 101
7 105
5 73
11 214
9 169
8 104
14 226
28 258
15 195
7 157
26 350
7 158
38 384
9 76
43 437
46 369
8 135
53 295
3 44
19 192
8 115
12 273
7 142
7 100
15 197
7 122
6 91
10 118
6 95
9 188
8 149
79 1076
25 282
10 112
15 424
21 438
4 74
3 61
2 56
3 67
14 297
7 89
13 200
10 130
6 183
3 168
14 281
16 363
3 72
7 321
3 73
5 69
5 82
8 143
9 221
10 183
4 34
10 244
3 63
6 82
8 90
4 27
6 124
4 95
5 49
11 272
4 49
6 50
2 33
3 42
6 156
2 31
8 105
4 61
7 162
3 54
6 181
4 100
20 256
9 119
5 75
4 69
3 65
3 54
3 106
2 28
6 62
7 108
10 123
17 148
3 51
9 247
14 215
5 149
13 240
17 199
8 76
3 50
9 270
10 253
3 67
2 33
6 119
2 41
3 62
9 145
9 130
4 52
4 83
4 75
3 114
3 54
6 118
3 75
4 57
5 55
3 40
6 108
57 1235
4 69
9 138
3 102
4 94
3 99
5 113
6 170
8 170
5 104
6 174
7 239
10 166
20 375
4 83
6 135
6 63
4 104
9 179
4 119
3 58
2 53
10 269
9 143
18 182
9 164
2 39
7 97
5 57
4 104
6 130
55 1196
7 163
11 114
5 207
6 90
12 150
16 185
9 93
2 30
7 226
7 138
7 105
9 177
10 246
4 97
7 231
6 178
11 243
7 78
9 228
13 268
4 255
8 240
5 219
3 87
9 267
24 449
9 298
8 168
12 225
4 198
2 62
10 183
4 60
9 205
6 85
2 41
12 271
12 201
6 132
7 148
16 333
13 380
6 155
3 56
6 127
14 235
7 135
8 126
7 173
5 102
13 114
12 262
9 183
4 53
12 186
4 71
6 106
2 29
6 65
3 37
17 219
9 186
11 361
5 120
6 148
42 538
4 117
3 80
4 62
7 192
5 117
5 69
2 51
6 147
9 138
12 272
2 42
3 45
6 183
8 142
8 133
11 123
8 145
4 48
3 137
8 247
33 929
7 114
8 140
6 136
7 233
3 78
11 137
8 81
8 227
23 245
6 107
6 147
12 193
8 249
5 38
6 122
7 148
15 273
4 74
5 112
4 115
3 55
5 85
5 65
6 102
17 156
5 139
3 41
4 91
4 102
11 105
7 302
19 284
23 362
7 348
13 217
26 346
5 183
3 121
6 163
15 340
12 145
15 437
6 203
9 223
11 188
3 60
6 84
13 202
15 224
3 56
4 85
10 216
11 271
6 244
13 303
14 271
4 127
14 166
5 148
8 132
5 161
2 61
16 277
5 77
11 191
11 131
7 134
6 86
8 106
4 86
9 97
4 67
13 152
7 114
7 73
7 84
11 113
4 71
17 268
5 115
7 78
5 232
15 193
9 210
2 35
7 104
2 27
11 104
6 74
5 129
4 131
13 318
5 126
3 66
12 155
6 71
4 103
8 100
8 85
21 373
11 209
5 47
27 210
15 188
12 243
11 201
9 138
9 88
3 48
3 48
27 311
8 148
6 115
4 77
16 209
35 182
5 60
3 51
4 46
5 68
19 162
11 187
17 216
7 97
13 154
9 130
5 83
13 178
10 170
6 90
15 246
7 95
8 133
5 78
8 151
21 228
6 97
5 153
10 104
5 84
8 96
7 104
6 96
14 265
3 40
9 182
16 232
12 127
11 167
4 86
11 156
9 109
6 103
6 86
4 83
2 36
5 106
5 93
4 60
7 87
6 107
13 106
6 97
2 34
7 136
4 66
6 99
5 56
8 130
5 67
4 77
4 62
3 70
4 59
9 147
6 98
9 135
5 83
5 76
7 188
3 63
5 121
6 118
6 151
26 138
5 134
12 180
5 78
14 463
12 170
6 105
6 137
14 119
11 193
13 207
6 145
15 167
15 238
9 59
4 82
5 79
7 186
5 122
11 258
14 355
8 76
16 340
12 191
9 131
9 137
11 119
12 323
19 261
14 181
7 124
3 70
6 109
5 61
3 60
11 169
4 77
21 263
7 108
24 323
15 294
34 494
115 805
19 171
12 116
14 155
12 131
7 184
5 101
16 140
10 93
11 163
4 89
3 50
17 360
17 162
16 246
109 1004
11 88
6 117
27 194
5 105
9 114
11 142
7 100
13 171
13 306
11 215
8 126
6 136
8 136
27 374
3 55
4 73
7 147
8 85
9 161
2 39
13 91
6 102
6 67
9 107
11 204
4 87
2 66
10 97
4 74
5 103
10 145
5 75
5 49
28 419
5 103
32 217
8 126
6 138
33 300
16 343
5 120
18 189
12 158
31 359
10 125
31 163
21 292
16 175
18 180
17 186
3 54
4 60
5 77
9 91
11 126
19 171
17 296
22 177
48 184
8 105
23 184
3 66
16 157
20 315
278 1258
42 344
9 256
15 256
10 115
15 134
14 172
33 394
18 201
30 307
7 109
14 280
16 378
4 62
4 36
10 131
5 91
37 482
22 208
14 162
2 45
8 92
8 139
5 75
9 166
7 112
64 947
7 122
9 234
9 126
3 88
11 162
6 105
6 86
13 171
6 101
3 38
3 43
20 300
7 90
3 57
5 90
7 101
6 82
9 122
3 81
4 52
4 60
5 73
2 29
7 131
6 80
3 42
4 73
2 37
8 127
14 199
13 139
7 112
6 116
7 175
8 140
13 142
78 566
24 332
42 698
17 493
36 549
42 545
41 708
69 634
57 691
42 488
53 522
7 112
8 89
13 139
14 223
11 112
18 193
9 227
8 127
11 165
22 219
20 248
472 3702
30 360
58 384
88 567
13 167
10 194
5 190
6 149
48 895
27 240
89 558
7 134
9 85
9 181
7 176
10 124
8 160
80 1486
12 109
27 247
7 154
13 167
6 132
9 133
11 138
16 287
46 541
11 139
6 83
56 726
61 847
36 932
54 870
5 79
10 215
5 89
2 26
7 106
7 73
7 159
4 52
6 111
7 121
6 46
10 105
3 33
18 465
12 138
4 79
3 62
5 84
3 101
3 119
4 69
5 76
3 50
5 104
2 29
4 61
189 1279
5 67
4 74
5 103
5 113
7 150
6 96
7 90
13 259
10 142
10 340
17 234
10 150
5 69
3 57
5 58
6 98
4 71
23 300
14 435
54 551
2 35
22 454
3 51
1 25
3 83
7 227
7 182
5 125
13 154
2 38
3 79
4 70
6 108
11 302
4 46
8 150
3 77
6 108
6 93
4 116
8 198
7 121
6 98
3 75
6 167
6 63
7 83
3 57
8 163
8 87
3 51
16 179
2 42
11 221
6 149
3 76
5 77
5 99
7 111
8 161
4 75
5 70
2 48
8 130
8 181
8 143
6 101
4 49
7 132
9 98
8 195
4 64
6 92
6 128
5 142
9 139
6 88
14 107
14 568
5 112
5 67
3 50
10 172
5 92
3 54
5 80
6 110
3 49
4 105
3 57
4 61
9 151
3 59
7 105
5 80
8 147
8 147
4 38
7 105
4 52
2 37
4 67
7 187
9 147
8 201
3 43
6 68
5 125
43 718
4 93
4 92
13 230
4 86
3 56
4 83
3 70
3 51
10 110
7 83
3 40
11 108
5 49
3 53
8 114
12 138
8 134
4 91
7 69
3 50
9 194
5 72
3 51
9 83
8 176
7 150
6 143
4 61
6 165
2 50
3 44
7 111
5 79
7 83
5 50
5 51
7 88
3 136
4 96
8 157
9 173
2 53
2 61
4 76
8 126
5 133
4 58
6 63
12 160
3 61
3 43
5 77
2 49
6 42
3 29
4 99
4 80
2 61
5 147
2 56
6 165
2 88
5 53
3 76
2 43
5 146
7 109
5 84
6 99
17 270
3 35
5 61
4 94
6 135
5 78
10 196
9 162
10 149
2 43
7 88
5 92
5 74
3 50
3 76
7 76
4 72
3 65
13 238
5 58
12 150
10 152
18 244
5 81
5 161
4 39
6 46
4 71
12 212
8 108
5 139
13 281
4 80
5 53
5 118
3 113
4 92
3 49
3 88
4 122
6 118
3 63
4 67
7 90
11 155
5 74
2 58
3 56
5 178
1 29
6 94
6 138
8 126
5 115
5 61
10 117
4 52
5 118
11 150
3 43
6 61
3 38
2 35
10 169
4 40
17 272
8 107
4 88
7 96
5 65
7 113
7 116
6 123
5 92
10 131
9 86
14 190
11 182
6 94
7 198
4 94
4 87
4 156
3 74
2 36
4 59
4 62
4 80
3 47
5 103
7 257
8 134
3 112
2 39
10 249
11 159
4 111
7 122
3 52
3 74
3 74
4 108
4 57
3 57
8 96
4 114
5 51
2 43
5 55
3 66
5 58
11 101
8 85
1 23
2 37
4 61
13 143
9 198
7 140
4 73
3 65
9 175
7 202
12 198
2 54
6 91
2 41
8 84
3 46
4 53
7 116
4 89
9 92
11 214
37 626
12 236
18 206
12 345
9 77
2 31
8 220
2 32
9 105
3 64
3 57
5 47
6 135
2 67
9 80
4 57
6 58
5 81
3 68
5 70
3 65
6 79
5 86
7 89
4 79
1 19
2 35
8 170
3 120
4 89
3 40
8 126
10 242
5 149
7 156
6 58
2 28
5 89
5 165
3 38
55 1033
2 89
9 167
4 131
11 205
15 191
2 45
68 1654
3 45
7 51
6 76
18 156
9 157
5 97
3 54
7 89
12 289
9 182
10 180
8 120
7 129
11 137
5 75
7 154
13 216
5 128
2 40
6 57
9 108
8 97
7 157
5 90
7 122
7 152
7 168
9 131
3 32
6 130
2 30
5 71
5 75
7 115
5 123
6 112
4 34
2 59
2 38
2 23
3 19
3 54
3 50
3 70
2 68
9 120
5 60
10 97
6 160
3 52
6 47
2 49
9 127
3 66
4 46
3 34
4 62
13 167
9 151
5 110
5 110
7 123
3 39
4 126
10 179
9 97
2 33
2 56
6 139
4 81
3 55
6 99
3 65
6 91
3 39
4 52
10 131
6 94
2 46
5 70
4 50
3 40
13 157
2 27
4 47
4 53
6 104
21 258
7 113
2 24
20 488
18 478
10 137
6 127
6 71
3 47
7 175
4 58
6 125
11 241
3 34
3 48
4 48
6 58
3 36
12 139
10 111
5 128
8 118
5 112
3 62
5 88
14 176
8 129
3 42
3 45
23 256
4 101
6 74
18 468
17 260
4 85
4 67
13 277
12 202
4 59
3 50
6 107
8 130
2 41
11 161
5 90
9 170
6 100
11 213
7 82
3 78
10 132
3 62
10 111
8 223
8 157
4 128
19 166
25 364
28 428
33 232
7 105
3 57
11 215
3 89
5 99
3 61
5 77
15 201
13 282
3 75
9 152
6 89
2 34
4 60
4 102
2 62
13 197
10 193
5 70
6 162
8 97
128 1774
3 74
5 115
21 266
2 46
5 112
3 59
2 45
6 179
9 125
7 79
6 138
3 42
4 48
3 57
11 93
6 101
19 259
15 212
3 44
4 71
6 63
6 61
5 140
6 89
4 67
8 83
19 742
6 142
4 41
4 106
5 75
2 101
5 54
4 80
7 146
4 85
8 131
2 50
3 51
4 84
8 88
5 52
12 190
5 146
10 352
5 101
2 40
4 108
6 110
9 202
13 223
5 192
10 124
2 35
7 175
24 397
4 66
4 79
7 145
13 244
9 122
5 118
4 80
8 122
7 113
4 99
4 71
7 57
4 57
5 49
6 95
3 91
3 52
5 111
49 381
6 131
5 107
29 511
5 68
6 116
22 190
5 95
9 129
2 48
6 235
2 31
5 70
7 114
3 47
2 47
5 55
4 155
4 78
4 132
13 110
11 158
7 74
8 95
3 75
2 44
9 198
7 80
6 147
3 59
6 63
14 195
2 35
3 98
7 101
8 102
2 52
3 57
5 106
11 140
14 272
4 66
6 106
6 106
5 52
7 151
7 209
3 45
7 134
1 33
5 57
18 312
5 116
5 124
12 245
2 24
6 91
2 38
17 206
11 182
16 244
3 56
6 74
2 47
2 63
2 39
8 98
16 204
4 86
4 39
4 55
7 189
3 67
4 54
4 41
5 67
8 143
6 101
2 42
5 96
12 124
10 180
5 56
19 115
8 108
7 138
5 132
8 180
3 40
3 45
4 66
5 107
29 504
4 73
5 109
4 95
7 170
26 327
5 95
8 159
13 157
4 84
5 124
6 71
9 125
9 111
9 120
7 110
7 151
9 128
7 114
5 103
12 168
5 88
2 65
5 101
5 125
4 52
6 94
6 70
36 650
4 70
3 73
9 208
22 477
6 97
9 170
3 73
15 167
11 100
8 168
16 213
5 113
5 87
6 108
2 65
3 74
6 103
6 120
53 992
3 49
7 210
4 119
4 67
4 117
3 47
1 33
14 291
7 260
11 149
5 172
9 130
32 717
4 87
17 299
8 155
16 477
6 93
8 169
3 63
14 174
5 78
3 43
22 961
3 70
13 155
9 188
14 253
24 544
8 132
4 93
5 58
5 138
13 181
7 148
4 157
6 96
6 163
10 189
2 36
6 256
8 258
15 239
10 301
5 130
5 68
4 93
17 177
14 172
10 228
17 283
9 211
3 74
2 39
3 88
9 115
32 350
4 156
4 95
8 299
6 213
2 38
10 145
7 136
5 156
5 165
7 178
7 162
8 172
9 101
8 100
5 126
9 145
15 185
8 141
11 206
4 71
5 117
5 181
6 177
6 128
8 83
2 84
9 111
4 117
4 76
18 287
16 179
18 364
12 228
30 167
17 441
5 150
10 182
14 169
4 142
7 156
4 90
5 100
10 216
5 87
2 27
12 141
9 105
14 401
13 146
6 246
6 147
10 131
49 614
4 154
4 110
13 76
7 182
6 262
6 88
3 97
21 445
5 83
3 50
5 122
4 50
5 82
4 90
3 90
3 66
2 61
6 149
9 226
8 79
3 53
3 108
11 193
11 201
6 85
7 170
6 87
12 313
7 90
5 202
5 220
16 534
7 149
8 184
10 163
4 158
9 149
8 143
4 76
8 142
5 120
9 195
13 191
5 121
5 107
18 224
4 159
4 93
5 143
5 88
14 298
6 144
4 124
2 58
7 104
17 364
8 106
4 58
2 47
6 210
3 33
4 101
19 361
9 159
4 70
6 84
7 128
5 102
8 132
4 99
4 119
3 115
4 62
5 106
7 151
9 96
4 65
24 273
8 196
12 232
8 105
7 81
7 110
9 130
7 156
4 67
13 188
9 110
17 441
25 673
30 167
5 150
3 30
12 228
8 98
2 33
7 131
5 133
8 142
7 196
3 49
6 86
28 391
3 56
8 116
7 181
4 108
10 149
7 201
7 177
7 66
5 127
3 106
3 37
9 280
3 76
3 72
5 115
4 81
6 94
7 124
5 110
5 133
16 564
10 196
4 76
5 158
8 186
6 122
5 128
5 150
30 167
12 228
17 441
4 60
8 175
5 74
4 40
6 133
5 73
8 190
7 131
25 118
11 281
9 75
7 133
6 135
4 44
12 150
5 85
5 108
13 153
19 302
4 98
25 441
15 210
6 109
6 185
4 110
8 210
13 226
6 166
5 73
13 154
2 52
3 60
3 55
5 70
6 96
5 73
5 127
13 305
17 238
5 164
10 176
5 71
3 56
15 333
3 71
10 132
3 71
3 44
4 75
7 153
7 94
8 128
3 46
9 145
7 182
8 107
5 71
9 160
4 51
5 98
9 95
6 116
8 256
8 95
5 94
4 64
5 112
7 94
4 72
4 85
21 334
16 241
3 27
7 159
7 174
12 236
8 106
4 75
4 51
5 106
9 205
7 149
11 197
18 186
8 196
6 128
19 663
9 215
7 107
5 49
4 50
4 40
31 478
2 25
6 62
11 167
5 65
4 60
4 36
53 746
6 149
7 85
11 209
5 49
13 120
4 85
39 554
9 162
10 193
9 186
6 93
6 81
18 260
10 101
3 51
3 49
5 80
2 77
11 127
6 103
5 158
8 49
4 46
11 164
7 87
3 49
4 68
7 93
8 127
5 103
6 145
6 102
4 85
3 59
5 91
5 73
4 44
20 249
6 86
24 393
13 177
15 226
8 113
4 99
7 86
5 52
3 112
5 111
3 77
4 49
8 76
4 104
3 49
13 137
5 81
8 149
4 101
2 42
5 93
5 100
4 88
7 72
3 56
7 82
2 58
4 61
7 118
8 168
5 73
7 170
8 153
6 85
5 62
10 189
5 66
11 95
14 140
6 199
6 66
7 114
17 172
5 86
9 197
6 110
5 54
7 87
4 48
9 172
7 146
4 28
11 94
21 157
5 114
9 135
3 39
8 63
33 576
4 73
8 212
40 980
8 188
9 136
16 252
6 91
38 684
4 130
11 216
3 44
7 102
5 103
10 134
4 98
4 91
6 115
5 103
2 41
6 79
5 91
7 123
3 47
4 61
4 60
6 77
17 135
4 46
3 77
7 189
6 103
3 107
4 76
4 85
16 156
3 50
14 221
18 305
3 72
5 71
5 100
5 88
3 63
15 416
3 63
26 358
2 36
8 45
5 129
6 94
10 179
15 187
5 93
3 46
11 173
9 272
8 128
4 59
2 44
8 148
4 52
6 58
6 98
4 78
4 104
5 164
5 92
4 85
8 155
4 97
3 52
3 81
10 122
8 144
6 82
7 180
16 387
17 236
5 89
4 92
2 43
7 114
3 76
5 125
18 182
5 73
7 76
7 75
6 95
7 78
3 50
8 87
5 128
4 77
9 247
7 88
6 84
23 526
10 111
5 153
1 31
4 72
4 97
7 200
7 171
5 82
6 105
12 184
4 69
3 83
6 89
14 297
5 136
13 116
9 128
5 58
2 41
2 49
3 60
3 52
15 199
9 82
4 80
5 71
7 85
3 70
4 95
10 76
15 143
7 95
10 123
14 223
9 163
6 101
8 157
10 119
7 79
4 48
5 118
9 61
4 115
3 58
10 238
4 82
3 53
4 124
4 95
4 86
5 117
6 82
6 81
5 158
8 104
5 83
14 161
5 105
6 88
6 104
11 177
3 49
4 82
5 77
8 97
5 110
6 97
4 127
3 54
5 69
9 124
6 75
4 76
3 56
5 84
6 97
9 136
3 55
4 71
6 99
17 156
9 156
6 88
16 279
10 171
5 57
7 219
4 92
6 89
4 160
14 273
4 63
9 186
11 137
7 231
4 98
4 61
5 79
9 96
7 72
10 254
8 92
5 76
3 81
29 481
13 246
17 131
8 130
11 178
3 63
11 110
13 115
17 297
9 84
49 1169
8 83
15 90
11 111
185 1302
14 139
7 35
10 99
15 142
5 50
5 71
8 78
6 127
4 102
7 140
6 89
10 226
6 145
37 239
4 70
6 161
14 91
7 75
6 120
3 49
6 105
3 58
2 44
5 39
4 56
4 93
8 142
4 84
12 135
13 317
8 91
10 74
13 187
7 87
7 94
4 77
9 101
13 196
4 64
10 171
13 123
29 233
20 192
13 81
11 172
20 212
8 136
11 222
9 166
13 151
2 39
4 40
3 78
4 49
5 60
12 175
47 538
9 141
2 39
9 189
6 93
4 57
1 22
4 74
3 62
10 107
20 481
3 45
7 109
2 39
4 62
6 62
6 100
5 65
2 35
4 90
11 214
12 165
10 191
6 116
7 185
5 133
3 53
2 49
84 565
2 48
5 44
4 70
8 97
11 122
4 63
5 87
3 54
6 128
4 59
4 111
9 175
3 49
13 149
8 138
5 72
16 165
10 78
6 92
9 230
7 131
7 101
10 373
5 98
7 167
6 72
7 152
11 179
2 38
4 55
7 123
4 94
4 96
5 117
5 50
12 182
3 45
9 161
15 222
3 58
12 175
4 99
8 127
5 181
9 292
10 159
9 327
14 258
13 184
3 43
8 140
5 48
5 91
3 49
12 180
31 562
6 55
6 131
9 198
4 107
9 170
6 190
5 77
8 266
8 86
9 109
3 66
10 92
3 33
8 171
15 231
2 32
5 58
8 127
15 109
4 116
2 46
4 49
5 64
8 137
4 66
10 238
5 123
9 138
6 86
6 126
6 63
10 138
38 580
10 141
7 106
4 52
5 92
3 76
3 44
9 126
5 181
7 132
6 144
9 271
8 115
2 37
7 160
8 246
4 51
7 106
4 85
8 171
10 179
3 45
15 222
9 161
12 175
3 58
31 562
4 99
8 127
2 70
9 292
9 182
5 110
6 95
16 218
16 177
10 207
6 89
3 71
8 142
8 123
6 127
9 68
4 81
5 113
8 132
12 188
4 43
6 72
7 106
19 163
9 174
7 132
4 61
6 82
5 47
5 175
11 173
6 148
5 114
7 114
4 91
4 79
3 49
3 70
2 36
7 130
5 117
7 113
4 139
16 255
10 112
6 68
2 45
6 119
15 375
4 85
4 89
8 123
7 192
15 236
5 115
6 172
5 97
6 105
2 61
7 123
3 69
3 49
11 184
2 41
6 118
5 95
4 69
20 412
4 61
10 195
9 256
5 75
13 227
5 90
9 89
5 67
3 47
6 126
21 443
5 68
4 67
9 93
5 88
8 128
10 132
8 206
4 66
16 316
13 215
15 418
16 156
47 695
30 674
44 788
52 723
5 91
18 396
16 493
19 372
5 102
11 155
47 542
10 190
28 470
50 500
27 291
26 1073
8 311
11 153
187 4401
16 205
192 3712
9 103
41 607
13 211
4 136
21 287
13 208
6 116
11 172
11 260
10 95
5 66
17 209
7 157
4 34
6 79
26 156
15 106
27 225
7 70
28 343
6 101
13 160
4 120
42 476
13 135
6 155
18 244
7 138
10 121
9 127
6 63
4 63
8 112
41 316
9 108
8 139
7 169
34 270
11 153
35 166
13 338
15 140
8 186
73 590
80 567
19 181
7 152
83 1099
3 49
62 311
12 252
22 137
6 57
13 107
9 136
6 96
10 190
14 137
5 120
7 90
7 107
10 168
6 137
26 448
33 586
14 424
9 113
11 171
6 84
23 359
6 126
10 126
16 224
5 140
23 485
9 148
10 135
6 115
3 43
2 33
58 1019
3 80
5 66
9 99
4 51
4 62
6 76
14 190
9 99
9 135
11 203
12 240
5 72
5 73
28 391
9 189
4 64
4 49
5 105
4 111
13 128
7 152
11 176
5 86
11 203
19 165
12 74
7 76
3 63
10 130
9 126
6 86
17 199
8 94
6 74
9 95
11 158
10 119
6 132
5 98
8 166
21 251
52 515
38 464
9 123
13 139
8 140
5 70
12 153
20 242
9 199
5 89
8 83
9 99
5 66
4 51
4 62
6 76
14 190
2 33
12 134
3 75
5 64
4 96
5 96
16 237
9 195
4 89
9 189
11 134
15 118
29 166
9 136
8 137
8 228
8 70
9 157
11 182
18 214
6 128
5 80
9 102
14 472
11 112
6 125
5 115
10 121
4 89
4 52
8 114
28 285
8 134
9 165
11 205
15 239
5 86
8 78
8 57
2 40
4 51
22 312
9 142
5 104
15 184
9 93
6 114
6 69
9 113
6 74
9 151
9 98
14 300
10 173
12 176
13 105
16 168
3 47
12 191
7 66
6 82
10 138
9 133
3 77
6 85
14 144
4 111
109 485
13 90
8 187
13 180
6 105
9 97
6 85
11 169
8 132
21 172
20 239
14 114
4 97
10 137
4 92
9 149
10 188
9 201
38 288
17 161
8 97
3 74
5 67
6 77
16 108
3 58
4 65
5 82
2 53
12 188
15 231
22 246
3 46
3 122
1 34
6 95
13 154
5 35
2 38
9 83
4 99
32 428
6 106
33 410
4 134
20 222
13 462
23 463
51 503
8 120
7 140
7 70
16 191
10 137
22 330
10 181
5 86
24 144
10 63
5 73
7 103
4 70
5 89
12 165
6 126
2 68
6 100
5 92
8 168
6 119
6 171
13 322
13 230
14 398
25 299
7 117
13 271
6 121
8 161
13 184
24 611
7 128
25 402
12 452
27 389
8 147
11 291
17 255
25 596
14 322
19 232
19 589
5 47
15 187
21 234
26 436
5 105
10 317
33 470
6 180
11 218
11 283
10 171
14 220
10 237
14 181
4 137
6 96
36 615
16 533
8 137
8 173
11 119
9 254
12 359
31 549
14 242
13 375
6 181
7 211
9 183
31 471
11 153
6 133
5 79
7 167
14 265
8 177
17 429
3 72
11 118
11 172
23 139
24 447
8 137
10 183
15 113
12 252
17 301
7 158
6 66
3 75
3 46
3 56
6 157
33 437
62 1141
21 451
15 218
10 179
13 234
76 1689
25 188
21 174
9 185
15 175
13 156
10 195
9 85
5 61
8 115
14 223
13 135
13 157
11 186
9 91
14 120
25 348
22 307
6 145
8 129
12 123
7 146
136 1351
16 181
3 37
11 186
18 255
7 139
11 169
8 103
4 55
9 307
499 4139
4 194
11 176
7 226
7 208
5 104
5 157
10 116
13 266
7 66
3 53
4 67
4 159
9 207
4 41
12 324
8 268
5 123
8 121
3 37
5 83
4 52
7 105
5 118
4 111
34 498
8 283
15 432
10 201
7 213
8 103
4 93
8 188
33 716
5 170
6 131
9 171
10 157
15 192
8 148
5 114
10 175
2 43
6 139
2 54
3 54
3 80
6 116
4 73
5 160
3 75
5 92
4 92
7 197
2 60
8 214
18 233
6 173
14 377
10 249
5 102
6 95
8 119
13 199
6 88
8 115
6 145
8 286
4 119
9 153
3 104
12 106
9 135
9 148
6 81
4 88
5 197
12 224
6 190
5 177
4 82
4 116
4 113
6 181
5 155
4 111
7 94
6 153
5 136
14 373
10 296
5 149
8 132
5 165
16 276
10 126
5 174
8 51
6 84
4 27
3 98
16 210
6 155
14 171
11 74
13 124
3 31
37 369
11 98
9 166
6 109
4 55
20 237
3 42
6 107
3 74
23 367
15 161
3 64
3 35
13 257
8 64
7 72
31 542
6 72
4 53
6 166
14 206
6 131
12 218
24 516
23 760
3 23
5 75
8 305
6 104
3 61
4 53
9 108
7 157
10 152
8 213
4 72
6 102
8 116
11 159
8 277
6 96
9 185
5 75
16 589
8 166
12 351
7 168
11 241
6 129
10 118
10 199
11 300
11 261
20 383
15 343
7 197
10 194
10 267
12 324
20 567
14 252
10 115
7 213
6 215
10 155
11 181
23 385
5 96
12 349
15 326
14 323
2 47
10 172
8 166
24 289
70 784
3 73
9 169
8 137
7 128
12 273
11 265
6 327
10 299
4 152
8 238
9 222
4 87
3 31
5 76
8 122
3 54
2 41
4 71
9 120
9 196
12 172
20 223
35 511
6 100
8 142
21 136
18 241
6 92
9 149
4 115
5 73
10 111
4 96
4 53
13 162
4 73
6 185
3 43
3 64
21 336
9 93
7 162
15 233
7 203
8 124
2 45
16 256
8 160
3 33
4 63
6 89
4 101
8 142
31 493
7 188
6 144
13 384
9 112
7 114
9 121
8 191
6 148
15 275
3 72
7 272
6 117
13 161
9 186
9 210
5 92
9 212
17 222
8 132
8 131
3 26
2 20
33 284
9 177
30 625
34 605
11 155
52 1122
37 575
45 683
18 320
13 385
76 530
52 498
40 493
132 1111
55 368
6 54
10 37
4 30
2 25
5 60
2 26
2 22
64 1050
2 156
93 1211
32 401
5 48
36 261
15 285
34 280
1 18
5 30
1 19
5 37
27 305
27 385
25 313
43 618
51 767
25 372
19 252
35 368
47 1673
44 522
39 351
47 330
133 1179
2 153
68 319
89 784
161 1005
